image: 1.yaml.pgm
resolution: 0.050000
origin: [-28.227457, -5.193288, 0.000000]
negate: 0
occupied_thresh: 0.65
free_thresh: 0.196

