image: 1128.pgm
resolution: 0.050000
origin: [-2.567414, -1.663632, 0.000000]
negate: 0
occupied_thresh: 0.65
free_thresh: 0.196

