image: 1129-3.pgm
resolution: 0.050000
origin: [-58.510847, -30.185822, 0.000000]
negate: 0
occupied_thresh: 0.65
free_thresh: 0.196

