image: 1129-4.pgm
resolution: 0.050000
origin: [-59.170503, -30.137665, 0.000000]
negate: 0
occupied_thresh: 0.65
free_thresh: 0.196

