image: 1129-2.pgm
resolution: 0.050000
origin: [-59.084460, -33.015378, 0.000000]
negate: 0
occupied_thresh: 0.65
free_thresh: 0.196

