image: 1129.pgm
resolution: 0.050000
origin: [-44.038939, -31.081426, 0.000000]
negate: 0
occupied_thresh: 0.65
free_thresh: 0.196

