image: 2.yaml.pgm
resolution: 0.050000
origin: [-57.116101, -17.219849, 0.000000]
negate: 0
occupied_thresh: 0.65
free_thresh: 0.196

