image: 2018-12-15-1.pgm
resolution: 0.010000
origin: [-5.125000, -5.125000, 0.000000]
negate: 0
occupied_thresh: 0.65
free_thresh: 0.196

