image: 5.yaml.pgm
resolution: 0.050000
origin: [-56.434975, -24.426284, 0.000000]
negate: 0
occupied_thresh: 0.65
free_thresh: 0.196

